                                                                                                                                                                                                                                                                



                        1                         2                         3                         4                         5                         6                         7
                   E_norm                  Re(freq)                  Im(freq)                         l                       n_g                       n_p                      n_pg
  0.5214443735849765E-005   0.5254524786993906E+001   0.0000000000000000E+000                         0                         0                         1                         1
  0.1202828339488159E-005   0.7895257708016664E+001   0.0000000000000000E+000                         0                         0                         2                         2
  0.3267839692997614E-006   0.9336129455209536E+001   0.0000000000000000E+000                         0                         0                         3                         3
  0.1799125439898859E-006   0.1117243315880524E+002   0.0000000000000000E+000                         0                         0                         4                         4
  0.1344716632105440E-006   0.1320548354805066E+002   0.0000000000000000E+000                         0                         0                         5                         5
  0.9751144110734389E-007   0.1539880527051391E+002   0.0000000000000000E+000                         0                         0                         6                         6
  0.7038151526254655E-007   0.1750808109267657E+002   0.0000000000000000E+000                         0                         0                         7                         7
  0.5386866414055277E-007   0.1970889066715424E+002   0.0000000000000000E+000                         0                         0                         8                         8
  0.4218876816045102E-007   0.2178715489679751E+002   0.0000000000000000E+000                         0                         0                         9                         9
  0.4147706322985457E-007   0.2387881394467094E+002   0.0000000000000000E+000                         0                         0                        10                        10
  0.5124878262259115E-007   0.2596168257025718E+002   0.0000000000000000E+000                         0                         0                        11                        11
  0.7658161167310125E-007   0.2812049821665397E+002   0.0000000000000000E+000                         0                         0                        12                        12
  0.1404592150378471E-006   0.3031759571822829E+002   0.0000000000000000E+000                         0                         0                        13                        13
  0.3113605212420746E-006   0.3257716801485796E+002   0.0000000000000000E+000                         0                         0                        14                        14
  0.1203476210761549E-005   0.3482872598704671E+002   0.0000000000000000E+000                         0                         0                        15                        15
  0.1207668693780295E-001   0.3708623081158583E+002   0.0000000000000000E+000                         0                         0                        16                        16
  0.1190724366302955E-005   0.3931887228587767E+002   0.0000000000000000E+000                         0                         0                        17                        17
  0.3103694298502887E-006   0.4154271766743933E+002   0.0000000000000000E+000                         0                         0                        18                        18
  0.1590259758813029E-006   0.4378767089359756E+002   0.0000000000000000E+000                         0                         0                        19                        19
  0.1051621697413653E-006   0.4605603024605624E+002   0.0000000000000000E+000                         0                         0                        20                        20
  0.8039179236835995E-007   0.4835685694905206E+002   0.0000000000000000E+000                         0                         0                        21                        21
  0.6421971705305769E-007   0.5066216323163975E+002   0.0000000000000000E+000                         0                         0                        22                        22
  0.5379709174574156E-007   0.5296919140285306E+002   0.0000000000000000E+000                         0                         0                        23                        23
  0.4745095808178380E-007   0.5525315522552335E+002   0.0000000000000000E+000                         0                         0                        24                        24
  0.4576293298649846E-007   0.5753347627543592E+002   0.0000000000000000E+000                         0                         0                        25                        25
  0.4844950594450790E-007   0.5980564915523619E+002   0.0000000000000000E+000                         0                         0                        26                        26
  0.5599419170175742E-007   0.6209828890769094E+002   0.0000000000000000E+000                         0                         0                        27                        27
  0.6889443448665160E-007   0.6439927300911162E+002   0.0000000000000000E+000                         0                         0                        28                        28
  0.8962032802644967E-007   0.6671341912310280E+002   0.0000000000000000E+000                         0                         0                        29                        29
  0.1266297486662725E-006   0.6901958168289923E+002   0.0000000000000000E+000                         0                         0                        30                        30
  0.2054928023787699E-006   0.7132229683197312E+002   0.0000000000000000E+000                         0                         0                        31                        31
  0.4380192258378949E-006   0.7361117238543056E+002   0.0000000000000000E+000                         0                         0                        32                        32
  0.1755187961260570E-005   0.7590191685167954E+002   0.0000000000000000E+000                         0                         0                        33                        33
  0.2228554760633514E-002   0.7819676080333615E+002   0.0000000000000000E+000                         0                         0                        34                        34
  0.1639011599792628E-005   0.8050107546806996E+002   0.0000000000000000E+000                         0                         0                        35                        35
  0.4398234115211401E-006   0.8281073024305419E+002   0.0000000000000000E+000                         0                         0                        36                        36
  0.2061696393084150E-006   0.8512130170317471E+002   0.0000000000000000E+000                         0                         0                        37                        37
  0.1238638969536867E-006   0.8742902223496648E+002   0.0000000000000000E+000                         0                         0                        38                        38
  0.8601182367436166E-007   0.8973171877312943E+002   0.0000000000000000E+000                         0                         0                        39                        39
  0.6688924032982144E-007   0.9203465795182861E+002   0.0000000000000000E+000                         0                         0                        40                        40
  0.5650825434193677E-007   0.9433702841447990E+002   0.0000000000000000E+000                         0                         0                        41                        41
  0.5124372239129925E-007   0.9664546814932281E+002   0.0000000000000000E+000                         0                         0                        42                        42
  0.4897265681958858E-007   0.9895472981361540E+002   0.0000000000000000E+000                         0                         0                        43                        43
  0.4918539341199095E-007   0.1012672665523862E+003   0.0000000000000000E+000                         0                         0                        44                        44
  0.5187944039098592E-007   0.1035763023831038E+003   0.0000000000000000E+000                         0                         0                        45                        45
  0.5795798677465900E-007   0.1058865229578312E+003   0.0000000000000000E+000                         0                         0                        46                        46
  0.6912196218996819E-007   0.1081928550468307E+003   0.0000000000000000E+000                         0                         0                        47                        47
  0.8933891932239968E-007   0.1105015273325704E+003   0.0000000000000000E+000                         0                         0                        48                        48
  0.1281203334748282E-006   0.1128094564715046E+003   0.0000000000000000E+000                         0                         0                        49                        49
  0.2116646124682370E-006   0.1151209155528630E+003   0.0000000000000000E+000                         0                         0                        50                        50
  0.4454140507239638E-006   0.1174311690340178E+003   0.0000000000000000E+000                         0                         0                        51                        51
  0.1615988121403358E-005   0.1197425093353711E+003   0.0000000000000000E+000                         0                         0                        52                        52
  0.3404592684222169E-003   0.1220527497854237E+003   0.0000000000000000E+000                         0                         0                        53                        53
  0.2163848782987568E-005   0.1243631569056151E+003   0.0000000000000000E+000                         0                         0                        54                        54
  0.7139442226344355E+000   0.5041237932044700E+001   0.0000000000000000E+000                         1                       111                         0                      -111
  0.3320817538594916E+000   0.5087236932000533E+001   0.0000000000000000E+000                         1                       110                         0                      -110
  0.1730130576963750E+000   0.5127369962481885E+001   0.0000000000000000E+000                         1                       109                         0                      -109
  0.1721848011737407E+000   0.5168843317698918E+001   0.0000000000000000E+000                         1                       108                         0                      -108
  0.2549392953633708E+000   0.5218590577709619E+001   0.0000000000000000E+000                         1                       107                         0                      -107
  0.2930184444287656E-001   0.5272564682645171E+001   0.0000000000000000E+000                         1                       106                         0                      -106
  0.5020719593447019E-005   0.5301581098817848E+001   0.0000000000000000E+000                         1                       102                         3                       -99
  0.1227772347444912E+000   0.5328801321914999E+001   0.0000000000000000E+000                         1                       105                         1                      -104
  0.3108168278790598E+000   0.5387025649210595E+001   0.0000000000000000E+000                         1                       104                         1                      -103
  0.3576844877251846E+001   0.5446647296807464E+001   0.0000000000000000E+000                         1                       103                         1                      -102
  0.9206060768271719E+000   0.5506737684786655E+001   0.0000000000000000E+000                         1                       102                         1                      -101
  0.1502233048448878E+001   0.5565873619365509E+001   0.0000000000000000E+000                         1                       101                         1                      -100
  0.3345127531701185E+000   0.5615804902702458E+001   0.0000000000000000E+000                         1                       100                         1                       -99
  0.9100910215942791E+000   0.5656573567550126E+001   0.0000000000000000E+000                         1                        99                         1                       -98
  0.1845636685540257E+001   0.5713480158842541E+001   0.0000000000000000E+000                         1                        98                         1                       -97
  0.3201726211321213E+002   0.5778683549698757E+001   0.0000000000000000E+000                         1                        97                         1                       -96
  0.6136918806040958E+001   0.5847340668899895E+001   0.0000000000000000E+000                         1                        96                         1                       -95
  0.2567074964746282E+003   0.5918419667548350E+001   0.0000000000000000E+000                         1                        95                         1                       -94
  0.6684882516344049E+001   0.5991117352411098E+001   0.0000000000000000E+000                         1                        94                         1                       -93
  0.8401353063812454E+002   0.6065382382356020E+001   0.0000000000000000E+000                         1                        93                         1                       -92
  0.3164994166065737E+001   0.6141051226175835E+001   0.0000000000000000E+000                         1                        92                         1                       -91
  0.1910907192509498E+001   0.6214224769315075E+001   0.0000000000000000E+000                         1                        91                         1                       -90
  0.3154726262156920E+000   0.6263638837681166E+001   0.0000000000000000E+000                         1                        90                         1                       -89
  0.1796176514179089E+001   0.6316065681774056E+001   0.0000000000000000E+000                         1                        89                         1                       -88
  0.2190097484651034E+001   0.6393827799880194E+001   0.0000000000000000E+000                         1                        88                         1                       -87
  0.2521373903979968E+002   0.6477975365377927E+001   0.0000000000000000E+000                         1                        87                         1                       -86
  0.2893901090077350E+001   0.6565130713669086E+001   0.0000000000000000E+000                         1                        86                         1                       -85
  0.1126314820571060E+002   0.6654775476914117E+001   0.0000000000000000E+000                         1                        85                         1                       -84
  0.1879457717047836E+001   0.6746875217298890E+001   0.0000000000000000E+000                         1                        84                         1                       -83
  0.3486336199015416E+000   0.6840318674690150E+001   0.0000000000000000E+000                         1                        83                         1                       -82
  0.1828546460601612E+002   0.6930400332159114E+001   0.0000000000000000E+000                         1                        81                         1                       -80
  0.2441247600825038E-002   0.6991215115071988E+001   0.0000000000000000E+000                         1                        80                         2                       -78
  0.5657664087514942E-002   0.7036697010118064E+001   0.0000000000000000E+000                         1                        80                         1                       -79
  0.2509645002531348E-003   0.7076217689095482E+001   0.0000000000000000E+000                         1                        79                         1                       -78
  0.1716848342433367E-004   0.7126382084410208E+001   0.0000000000000000E+000                         1                        68                        11                       -57
  0.1063054764923936E+000   0.7163472035530747E+001   0.0000000000000000E+000                         1                        77                         1                       -76
  0.1106817780448751E-001   0.7267509410873808E+001   0.0000000000000000E+000                         1                        76                         1                       -75
  0.2619384664692393E+001   0.7377023329361138E+001   0.0000000000000000E+000                         1                        76                         1                       -75
  0.6373888228311290E-001   0.7490682015313991E+001   0.0000000000000000E+000                         1                        74                         1                       -73
  0.1580573175249226E+002   0.7608294993883678E+001   0.0000000000000000E+000                         1                        74                         1                       -73
  0.5558225665623806E-001   0.7729745765523644E+001   0.0000000000000000E+000                         1                        72                         1                       -71
  0.2449805160569465E+000   0.7854790573314340E+001   0.0000000000000000E+000                         1                        71                         1                       -70
  0.3959498343421804E-002   0.7981536492908145E+001   0.0000000000000000E+000                         1                        70                         1                       -69
  0.1856450480108309E-003   0.8077329662402278E+001   0.0000000000000000E+000                         1                        69                         1                       -68
  0.9575354063425510E-004   0.8138430203429781E+001   0.0000000000000000E+000                         1                        68                         1                       -67
  0.8476293561280462E-006   0.8193773292917548E+001   0.0000000000000000E+000                         1                        66                         4                       -62
  0.2380289689310087E-002   0.8267187088034431E+001   0.0000000000000000E+000                         1                        67                         2                       -65
  0.1731153983143475E-001   0.8409380891647654E+001   0.0000000000000000E+000                         1                        66                         2                       -64
  0.1431621454522935E+000   0.8558691556192654E+001   0.0000000000000000E+000                         1                        65                         2                       -63
  0.1400161161221479E+000   0.8713668584663788E+001   0.0000000000000000E+000                         1                        64                         2                       -62
  0.1068459657977402E+000   0.8873630357120250E+001   0.0000000000000000E+000                         1                        63                         2                       -61
  0.1323052716344122E+000   0.9039482351310141E+001   0.0000000000000000E+000                         1                        62                         2                       -60
  0.1164472284461288E-001   0.9211302172441728E+001   0.0000000000000000E+000                         1                        61                         2                       -59
  0.1448257034309579E-002   0.9383676214411686E+001   0.0000000000000000E+000                         1                        60                         2                       -58
  0.4318738691011628E-004   0.9485873387456856E+001   0.0000000000000000E+000                         1                        59                         2                       -57
  0.3295109587984839E-005   0.9594796923949142E+001   0.0000000000000000E+000                         1                        57                         3                       -54
  0.3717642900499961E-006   0.9604616077968601E+001   0.0000000000000000E+000                         1                        57                         2                       -55
  0.1442176239985326E-002   0.9783431459822198E+001   0.0000000000000000E+000                         1                        56                         2                       -54
  0.3002992464761169E+000   0.9984953835992474E+001   0.0000000000000000E+000                         1                        56                         2                       -54
  0.9356910581022686E-002   0.1019569413398871E+002   0.0000000000000000E+000                         1                        55                         3                       -52
  0.4164948354635391E-001   0.1041549226530177E+002   0.0000000000000000E+000                         1                        53                         3                       -50
  0.4788719024584976E-002   0.1064508269675151E+002   0.0000000000000000E+000                         1                        53                         3                       -50
  0.8692272077296356E-002   0.1088493254239398E+002   0.0000000000000000E+000                         1                        51                         3                       -48
  0.1991520362118370E-003   0.1113356767147787E+002   0.0000000000000000E+000                         1                        51                         3                       -48
  0.1931753098169448E-006   0.1134604209241613E+002   0.0000000000000000E+000                         1                        49                         4                       -45
  0.3364900706134675E-004   0.1137790790956189E+002   0.0000000000000000E+000                         1                        49                         3                       -46
  0.1352531510893889E-004   0.1149497469782605E+002   0.0000000000000000E+000                         1                        48                         3                       -45
  0.1341773727190516E-002   0.1169423467527834E+002   0.0000000000000000E+000                         1                        47                         4                       -43
  0.2170121613607821E-003   0.1197528532405430E+002   0.0000000000000000E+000                         1                        47                         4                       -43
  0.1336904132201341E-003   0.1227319910445637E+002   0.0000000000000000E+000                         1                        45                         4                       -41
  0.1137402861104333E-004   0.1256064881877309E+002   0.0000000000000000E+000                         1                        45                         4                       -41
  0.3915662383629460E-005   0.1272140131940991E+002   0.0000000000000000E+000                         1                        43                         4                       -39
  0.8791809575119097E-005   0.1297321515370130E+002   0.0000000000000000E+000                         1                        43                         4                       -39
  0.1403098687303934E-006   0.1329906035926705E+002   0.0000000000000000E+000                         1                        40                         6                       -34
  0.2890154088142753E-006   0.1331584893157098E+002   0.0000000000000000E+000                         1                        42                         4                       -38
  0.6599613689362988E-004   0.1368859119391251E+002   0.0000000000000000E+000                         1                        40                         4                       -36
  0.1793021520485132E-002   0.1407816973038055E+002   0.0000000000000000E+000                         1                        39                         5                       -34
  0.8754748457605391E-004   0.1440757558304088E+002   0.0000000000000000E+000                         1                        39                         5                       -34
  0.1021197005741769E-002   0.1458917842713374E+002   0.0000000000000000E+000                         1                        38                         5                       -33
  0.9798971659371496E-004   0.1499331078010260E+002   0.0000000000000000E+000                         1                        37                         5                       -32
  0.1022812127450682E-006   0.1539812277594361E+002   0.0000000000000000E+000                         1                        31                        10                       -21
  0.2916306657023096E-004   0.1546364478184899E+002   0.0000000000000000E+000                         1                        36                         5                       -31
  0.2552782638160071E-003   0.1597076165293393E+002   0.0000000000000000E+000                         1                        34                         5                       -29
  0.3850215191242198E-002   0.1651616364822897E+002   0.0000000000000000E+000                         1                        33                         6                       -27
  0.8437241936113188E-004   0.1710083836055458E+002   0.0000000000000000E+000                         1                        33                         6                       -27
  0.7391169171342066E-007   0.1741903295280623E+002   0.0000000000000000E+000                         1                        21                        17                        -4
  0.4444766507352755E-001   0.1772558080634579E+002   0.0000000000000000E+000                         1                        32                         6                       -26
  0.1777588280376812E-003   0.1838992213695666E+002   0.0000000000000000E+000                         1                        31                         7                       -24
  0.4041304000229310E-004   0.1907006265966224E+002   0.0000000000000000E+000                         1                        30                         7                       -23
  0.1179411064197171E-006   0.1948311307288957E+002   0.0000000000000000E+000                         1                        29                         9                       -20
  0.1011803676676354E-006   0.1957685665315972E+002   0.0000000000000000E+000                         1                        28                         7                       -21
  0.2655371993783573E-004   0.2002727380482213E+002   0.0000000000000000E+000                         1                        27                         7                       -20
  0.5393463442489947E-004   0.2084424646453784E+002   0.0000000000000000E+000                         1                        27                         8                       -19
  0.4392086160207135E-007   0.2155685536989049E+002   0.0000000000000000E+000                         1                        22                        12                       -10
  0.4891091320424025E-004   0.2177283974464307E+002   0.0000000000000000E+000                         1                        25                         8                       -17
  0.8770544406255096E-004   0.2279290210427747E+002   0.0000000000000000E+000                         1                        25                         9                       -16
  0.4201130108994134E-007   0.2360170323015937E+002   0.0000000000000000E+000                         1                        19                        14                        -5
  0.7660619958446532E-004   0.2391288826597647E+002   0.0000000000000000E+000                         1                        23                         9                       -14
  0.4121910918655846E-004   0.2514367516795829E+002   0.0000000000000000E+000                         1                        23                        10                       -13
  0.4944376247170502E-007   0.2565009584008236E+002   0.0000000000000000E+000                         1                        19                        13                        -6
  0.1182927126590085E-003   0.2649503687116471E+002   0.0000000000000000E+000                         1                        21                        10                       -11
  0.7473632131502298E-007   0.2777470418228280E+002   0.0000000000000000E+000                         1                        21                        13                        -8
  0.1838016749864270E-005   0.2795114003124853E+002   0.0000000000000000E+000                         1                        20                        11                        -9
  0.7663889246680031E-005   0.2922558649142428E+002   0.0000000000000000E+000                         1                        20                        12                        -8
  0.1327767059126558E-006   0.2994766905856391E+002   0.0000000000000000E+000                         1                        19                        14                        -5
  0.3607755286273805E-005   0.3029060671492666E+002   0.0000000000000000E+000                         1                        18                        12                        -6
  0.9507334817497101E-005   0.3200235462032653E+002   0.0000000000000000E+000                         1                        18                        13                        -5
  0.2800540986877037E-006   0.3220450159457869E+002   0.0000000000000000E+000                         1                        17                        15                        -2
  0.5722364299691696E-004   0.3416783121356003E+002   0.0000000000000000E+000                         1                        17                        14                        -3
  0.8944346784910924E-006   0.3442752517384212E+002   0.0000000000000000E+000                         1                        16                        14                        -2
  0.4218202723776847E-004   0.3665296148338637E+002   0.0000000000000000E+000                         1                        16                        15                        -1
  0.1393566651327988E-003   0.3670681244424365E+002   0.0000000000000000E+000                         1                        15                        15                         1
  0.1862047423353255E-005   0.3888020817484452E+002   0.0000000000000000E+000                         1                        16                        17                         2
  0.3960762825192990E-003   0.3964865858378088E+002   0.0000000000000000E+000                         1                        14                        16                         3
  0.3799923545864079E-006   0.4109263656933174E+002   0.0000000000000000E+000                         1                        14                        17                         4
  0.8201702348708946E-005   0.4307646771530735E+002   0.0000000000000000E+000                         1                        14                        18                         5
  0.1839984428332211E-006   0.4331710201569592E+002   0.0000000000000000E+000                         1                        14                        19                         6
  0.1140345045786230E-006   0.4556247085761332E+002   0.0000000000000000E+000                         1                        14                        20                         7
  0.1112311943811536E-004   0.4703485978500957E+002   0.0000000000000000E+000                         1                        12                        19                         8
  0.8607449565146583E-007   0.4784427909487230E+002   0.0000000000000000E+000                         1                        13                        21                         9
  0.6807336786661929E-007   0.5012936402131145E+002   0.0000000000000000E+000                         1                        13                        22                        10
  0.2417017559420751E-005   0.5160797113356789E+002   0.0000000000000000E+000                         1                        11                        21                        11
  0.5732549771021746E-007   0.5243953802791108E+002   0.0000000000000000E+000                         1                        12                        23                        12
  0.4956716012450799E-007   0.5469247150535817E+002   0.0000000000000000E+000                         1                        12                        24                        13
  0.5808860025854121E-006   0.5618835550638055E+002   0.0000000000000000E+000                         1                        10                        23                        14
  0.4858903026948570E-007   0.5702193087715537E+002   0.0000000000000000E+000                         1                        11                        25                        15
  0.4804561550539471E-007   0.5924194634808124E+002   0.0000000000000000E+000                         1                        11                        26                        16
  0.2055136909437348E-006   0.6120124612266608E+002   0.0000000000000000E+000                         1                        10                        26                        17
  0.7037637469441511E-007   0.6163040935064590E+002   0.0000000000000000E+000                         1                         9                        26                        18
  0.6574028473732815E-007   0.6382729238669677E+002   0.0000000000000000E+000                         1                        10                        28                        19
  0.8415586790535122E-007   0.6611840884035179E+002   0.0000000000000000E+000                         1                        10                        29                        20
  0.1284039990630424E-006   0.6836273886242925E+002   0.0000000000000000E+000                         1                         9                        29                        21
  0.8761768864551034E-006   0.6886854787068201E+002   0.0000000000000000E+000                         1                         8                        29                        22
  0.1804286466595727E-006   0.7073145603751378E+002   0.0000000000000000E+000                         1                         9                        31                        23
  0.3464522077103000E-006   0.7300193320531430E+002   0.0000000000000000E+000                         1                         9                        32                        24
  0.1082535893362122E-005   0.7527824009691349E+002   0.0000000000000000E+000                         1                         9                        33                        25
  0.2576327904544371E-004   0.7754142750870955E+002   0.0000000000000000E+000                         1                         9                        34                        26
  0.9850182121459987E-003   0.7856238214313375E+002   0.0000000000000000E+000                         1                         7                        33                        27
  0.3034199731381416E-005   0.7988057663245135E+002   0.0000000000000000E+000                         1                         8                        35                        28
  0.5873313442517263E-006   0.8216631814818059E+002   0.0000000000000000E+000                         1                         8                        36                        29
  0.2486270942431606E-006   0.8446746217700478E+002   0.0000000000000000E+000                         1                         8                        37                        30
  0.1416174030242901E-006   0.8676441421745218E+002   0.0000000000000000E+000                         1                         8                        38                        31
  0.9493486375540611E-007   0.8905868886954100E+002   0.0000000000000000E+000                         1                         8                        39                        32
  0.7267782708074009E-007   0.9134024779826736E+002   0.0000000000000000E+000                         1                         7                        39                        33
  0.1065076322470660E-005   0.9277287616217968E+002   0.0000000000000000E+000                         1                         6                        39                        34
  0.6097227011818854E-007   0.9368662061970797E+002   0.0000000000000000E+000                         1                         6                        40                        35
  0.5279707288475819E-007   0.9596216755926801E+002   0.0000000000000000E+000                         1                         7                        42                        36
  0.4956174534789660E-007   0.9826043235983717E+002   0.0000000000000000E+000                         1                         7                        43                        37
  0.4908772844536946E-007   0.1005627700471937E+003   0.0000000000000000E+000                         1                         7                        44                        38
  0.5089317747515954E-007   0.1028645833212350E+003   0.0000000000000000E+000                         1                         7                        45                        39
  0.5587315321815040E-007   0.1051658011980094E+003   0.0000000000000000E+000                         1                         7                        46                        40
  0.6507903367316510E-007   0.1074636849006671E+003   0.0000000000000000E+000                         1                         7                        47                        41
  0.8203241388604394E-007   0.1097600365332209E+003   0.0000000000000000E+000                         1                         6                        47                        42
  0.1140761781928707E-006   0.1120449910338958E+003   0.0000000000000000E+000                         1                         6                        48                        43
  0.4054995022688543E-006   0.1140478422340656E+003   0.0000000000000000E+000                         1                         6                        49                        44
  0.2895249395678740E-006   0.1145830277950834E+003   0.0000000000000000E+000                         1                         5                        49                        45
  0.3457150233687646E-006   0.1167137848383970E+003   0.0000000000000000E+000                         1                         5                        50                        46
  0.9725803539012625E-006   0.1190056528823187E+003   0.0000000000000000E+000                         1                         5                        51                        47
  0.1170074737518292E-004   0.1213040220381078E+003   0.0000000000000000E+000                         1                         5                        52                        48
  0.5179380356262686E-005   0.1236063602354776E+003   0.0000000000000000E+000                         1                         6                        54                        49
  0.7456709932746944E-006   0.1259074196206582E+003   0.0000000000000000E+000                         1                         6                        55                        50
