                                                                                                                                                                                                                                                                



                        1                         2                         3                         4                         5                         6                         7
                   E_norm                  Re(freq)                  Im(freq)                         l                       n_g                       n_p                      n_pg
  0.4647920223236774E-005   0.6180161165481891E+001   0.0000000000000000E+000                         0                         0                         1                         1
  0.1784253609086860E-005   0.8865916923589653E+001   0.0000000000000000E+000                         0                         0                         2                         2
  0.3103495866876895E-006   0.1067589960694610E+002   0.0000000000000000E+000                         0                         0                         3                         3
  0.1541994768588832E-006   0.1273105256780168E+002   0.0000000000000000E+000                         0                         0                         4                         4
  0.1080904974736507E-006   0.1501323459299659E+002   0.0000000000000000E+000                         0                         0                         5                         5
  0.8383339577482053E-007   0.1743262647523719E+002   0.0000000000000000E+000                         0                         0                         6                         6
  0.5805320787543465E-007   0.1985099523260191E+002   0.0000000000000000E+000                         0                         0                         7                         7
  0.4782973099090562E-007   0.2228209331018740E+002   0.0000000000000000E+000                         0                         0                         8                         8
  0.3589250937729014E-007   0.2470179136748847E+002   0.0000000000000000E+000                         0                         0                         9                         9
  0.3323609200336623E-007   0.2706429285760692E+002   0.0000000000000000E+000                         0                         0                        10                        10
  0.3607468097777012E-007   0.2945282981741069E+002   0.0000000000000000E+000                         0                         0                        11                        11
  0.4923161514839708E-007   0.3187778061242773E+002   0.0000000000000000E+000                         0                         0                        12                        12
  0.7803645372509010E-007   0.3435150248467922E+002   0.0000000000000000E+000                         0                         0                        13                        13
  0.1539753434577494E-006   0.3688486096842895E+002   0.0000000000000000E+000                         0                         0                        14                        14
  0.3902602373219609E-006   0.3943760873739540E+002   0.0000000000000000E+000                         0                         0                        15                        15
  0.2586247603456052E-005   0.4199658881536892E+002   0.0000000000000000E+000                         0                         0                        16                        16
  0.7203737132365150E-005   0.4454683069489864E+002   0.0000000000000000E+000                         0                         0                        17                        17
  0.5327648898850969E-006   0.4708137334580544E+002   0.0000000000000000E+000                         0                         0                        18                        18
  0.1899502662906977E-006   0.4960960104427082E+002   0.0000000000000000E+000                         0                         0                        19                        19
  0.1080945488358934E-006   0.5216174219452703E+002   0.0000000000000000E+000                         0                         0                        20                        20
  0.7518759816558948E-007   0.5473400111094892E+002   0.0000000000000000E+000                         0                         0                        21                        21
  0.5930492549685590E-007   0.5733499393322820E+002   0.0000000000000000E+000                         0                         0                        22                        22
  0.4871247534326751E-007   0.5994422521100768E+002   0.0000000000000000E+000                         0                         0                        23                        23
  0.4209829097538219E-007   0.6255116950612329E+002   0.0000000000000000E+000                         0                         0                        24                        24
  0.3788926850459530E-007   0.6514215564387560E+002   0.0000000000000000E+000                         0                         0                        25                        25
  0.3701194003220257E-007   0.6772447005788393E+002   0.0000000000000000E+000                         0                         0                        26                        26
  0.3898823335738664E-007   0.7030263151778438E+002   0.0000000000000000E+000                         0                         0                        27                        27
  0.4505615354699697E-007   0.7289296929231668E+002   0.0000000000000000E+000                         0                         0                        28                        28
  0.5531901073450161E-007   0.7549547076614469E+002   0.0000000000000000E+000                         0                         0                        29                        29
  0.7289458236560910E-007   0.7810877146268504E+002   0.0000000000000000E+000                         0                         0                        30                        30
  0.1033452019391166E-006   0.8072119859696583E+002   0.0000000000000000E+000                         0                         0                        31                        31
  0.1683133515001618E-006   0.8332905531785710E+002   0.0000000000000000E+000                         0                         0                        32                        32
  0.3488481322090598E-006   0.8592587387066474E+002   0.0000000000000000E+000                         0                         0                        33                        33
  0.1301883327718918E-005   0.8851977345338207E+002   0.0000000000000000E+000                         0                         0                        34                        34
  0.8664304925204506E-003   0.9111390730337649E+002   0.0000000000000000E+000                         0                         0                        35                        35
  0.1570642972931601E-005   0.9371776440493315E+002   0.0000000000000000E+000                         0                         0                        36                        36
  0.3924677681961896E-006   0.9632671296623980E+002   0.0000000000000000E+000                         0                         0                        37                        37
  0.1816214353514390E-006   0.9894191354097588E+002   0.0000000000000000E+000                         0                         0                        38                        38
  0.1074558615158502E-006   0.1015548135337175E+003   0.0000000000000000E+000                         0                         0                        39                        39
  0.7388320207291340E-007   0.1041658927971966E+003   0.0000000000000000E+000                         0                         0                        40                        40
  0.5620088752426691E-007   0.1067716433778379E+003   0.0000000000000000E+000                         0                         0                        41                        41
  0.4673232008883674E-007   0.1093780120055094E+003   0.0000000000000000E+000                         0                         0                        42                        42
  0.4153522842355624E-007   0.1119845191064570E+003   0.0000000000000000E+000                         0                         0                        43                        43
  0.3927294556291039E-007   0.1145958294125443E+003   0.0000000000000000E+000                         0                         0                        44                        44
  0.3886871620725614E-007   0.1172089991797216E+003   0.0000000000000000E+000                         0                         0                        45                        45
  0.4043315966170796E-007   0.1198242265264298E+003   0.0000000000000000E+000                         0                         0                        46                        46
  0.4403035791898144E-007   0.1224379108205201E+003   0.0000000000000000E+000                         0                         0                        47                        47
  0.5084556233539202E-007   0.1250504014845201E+003   0.0000000000000000E+000                         0                         0                        48                        48
  0.4988135601996736E+001   0.5002779821243512E+001   0.0000000000000000E+000                         1                       106                         0                      -106
  0.2213875820094228E+000   0.5040340090353302E+001   0.0000000000000000E+000                         1                       105                         0                      -105
  0.2081108400284057E-002   0.5055625814603383E+001   0.0000000000000000E+000                         1                       102                         2                      -100
  0.1903493411674506E+001   0.5086192435933317E+001   0.0000000000000000E+000                         1                       103                         0                      -103
  0.2419538463070276E+002   0.5143274965685084E+001   0.0000000000000000E+000                         1                       102                         0                      -102
  0.7779987946418682E+002   0.5204539105901897E+001   0.0000000000000000E+000                         1                       101                         0                      -101
  0.1134781290041724E+003   0.5267831181977903E+001   0.0000000000000000E+000                         1                       100                         0                      -100
  0.8589246569670952E+002   0.5331777973671727E+001   0.0000000000000000E+000                         1                        99                         0                       -99
  0.2696335812961991E+002   0.5392700027247601E+001   0.0000000000000000E+000                         1                        98                         0                       -98
  0.8999294075759673E+001   0.5440388124073356E+001   0.0000000000000000E+000                         1                        97                         0                       -97
  0.1123854156076027E+002   0.5488602442794126E+001   0.0000000000000000E+000                         1                        96                         0                       -96
  0.1166518652675026E+002   0.5551360831485345E+001   0.0000000000000000E+000                         1                        95                         0                       -95
  0.4412326713029249E+001   0.5617935095731512E+001   0.0000000000000000E+000                         1                        94                         0                       -94
  0.4183408637717305E+000   0.5676306169588006E+001   0.0000000000000000E+000                         1                        93                         0                       -93
  0.3891331167224985E+000   0.5704462815549055E+001   0.0000000000000000E+000                         1                        92                         0                       -92
  0.3163068920564124E+001   0.5763441976049291E+001   0.0000000000000000E+000                         1                        91                         0                       -91
  0.6766476379949262E+001   0.5833721174054500E+001   0.0000000000000000E+000                         1                        90                         0                       -90
  0.4822174208330190E+001   0.5907229007725194E+001   0.0000000000000000E+000                         1                        89                         0                       -89
  0.1879290749166819E+001   0.5980411038724221E+001   0.0000000000000000E+000                         1                        88                         0                       -88
  0.5368069022125335E+000   0.6042886537399490E+001   0.0000000000000000E+000                         1                        87                         0                       -87
  0.5065408764612912E+000   0.6101556923152549E+001   0.0000000000000000E+000                         1                        86                         0                       -86
  0.2114717690806778E+000   0.6178074168159151E+001   0.0000000000000000E+000                         1                        85                         0                       -85
  0.4524090698983523E-005   0.6213902308334137E+001   0.0000000000000000E+000                         1                        72                        12                       -60
  0.1361408362335499E+001   0.6264328169344240E+001   0.0000000000000000E+000                         1                        84                         1                       -83
  0.2188830252811837E+002   0.6354621258377883E+001   0.0000000000000000E+000                         1                        83                         1                       -82
  0.3132402214786660E+002   0.6446432441621216E+001   0.0000000000000000E+000                         1                        82                         1                       -81
  0.6244983492576369E+001   0.6536384734540831E+001   0.0000000000000000E+000                         1                        81                         1                       -80
  0.1512374083716141E+001   0.6617329924233129E+001   0.0000000000000000E+000                         1                        80                         1                       -79
  0.7238356048704691E+000   0.6688614925088580E+001   0.0000000000000000E+000                         1                        79                         1                       -78
  0.8804103107843404E+000   0.6768844179863470E+001   0.0000000000000000E+000                         1                        78                         1                       -77
  0.9436194856428317E+000   0.6860051279266204E+001   0.0000000000000000E+000                         1                        77                         1                       -76
  0.8987289777549256E+000   0.6958963725979451E+001   0.0000000000000000E+000                         1                        76                         1                       -75
  0.2306988046440384E+000   0.7064304429665549E+001   0.0000000000000000E+000                         1                        75                         1                       -74
  0.1288646229662120E-001   0.7134990842005961E+001   0.0000000000000000E+000                         1                        74                         1                       -73
  0.8832859046009432E-001   0.7188113006750096E+001   0.0000000000000000E+000                         1                        73                         1                       -72
  0.2990218167283042E+000   0.7305805447918339E+001   0.0000000000000000E+000                         1                        72                         1                       -71
  0.9724184479346944E-001   0.7430667178578599E+001   0.0000000000000000E+000                         1                        71                         1                       -70
  0.5146594007412721E-002   0.7542282543764105E+001   0.0000000000000000E+000                         1                        70                         1                       -69
  0.1945118986000068E-002   0.7596629168939251E+001   0.0000000000000000E+000                         1                        69                         1                       -68
  0.2924450227782802E-004   0.7653930385836668E+001   0.0000000000000000E+000                         1                        62                         7                       -55
  0.6556663797721531E-001   0.7716464533215615E+001   0.0000000000000000E+000                         1                        67                         1                       -66
  0.9408270451832673E+001   0.7858810289683076E+001   0.0000000000000000E+000                         1                        66                         1                       -65
  0.4964859700857177E+003   0.8008256180572062E+001   0.0000000000000000E+000                         1                        66                         1                       -65
  0.3112546398901952E+002   0.8162781324322875E+001   0.0000000000000000E+000                         1                        64                         1                       -63
  0.4224134812281254E+001   0.8319990468143603E+001   0.0000000000000000E+000                         1                        63                         1                       -62
  0.1418292501802751E+000   0.8466301137328667E+001   0.0000000000000000E+000                         1                        62                         1                       -61
  0.3823106905400167E-001   0.8549974501034708E+001   0.0000000000000000E+000                         1                        61                         1                       -60
  0.9757754809000629E-001   0.8675457028191548E+001   0.0000000000000000E+000                         1                        60                         1                       -59
  0.1056375914566322E+000   0.8839485264253449E+001   0.0000000000000000E+000                         1                        59                         1                       -58
  0.3594861778230523E-001   0.9013137350054985E+001   0.0000000000000000E+000                         1                        58                         1                       -57
  0.1933496829345412E-003   0.9197339729439951E+001   0.0000000000000000E+000                         1                        57                         1                       -56
  0.1235282165558162E-005   0.9215612683917522E+001   0.0000000000000000E+000                         1                        56                         1                       -55
  0.3133790869641535E-002   0.9393656745935282E+001   0.0000000000000000E+000                         1                        56                         2                       -54
  0.2217409699836679E-003   0.9526713009827979E+001   0.0000000000000000E+000                         1                        55                         2                       -53
  0.3637856001063400E-002   0.9615863339159741E+001   0.0000000000000000E+000                         1                        54                         2                       -52
  0.2571116156068541E-001   0.9837103316409577E+001   0.0000000000000000E+000                         1                        53                         2                       -51
  0.2414822187216755E-002   0.1005763986608495E+002   0.0000000000000000E+000                         1                        52                         2                       -50
  0.1793975731490606E-002   0.1011429174260232E+002   0.0000000000000000E+000                         1                        51                         2                       -49
  0.5105463069385606E-001   0.1033832844677284E+002   0.0000000000000000E+000                         1                        50                         2                       -48
  0.4597887187072097E-001   0.1060590850768964E+002   0.0000000000000000E+000                         1                        49                         2                       -47
  0.2226166838693307E-003   0.1088977723505925E+002   0.0000000000000000E+000                         1                        48                         2                       -46
  0.2906814243787561E-006   0.1091348466120713E+002   0.0000000000000000E+000                         1                        43                         6                       -37
  0.1672708632764199E-001   0.1118960958120782E+002   0.0000000000000000E+000                         1                        47                         3                       -44
  0.2023279775326716E-001   0.1150454164369555E+002   0.0000000000000000E+000                         1                        46                         3                       -43
  0.1717617920937530E-002   0.1177607169480826E+002   0.0000000000000000E+000                         1                        45                         3                       -42
  0.9787788050961213E-002   0.1186625701226038E+002   0.0000000000000000E+000                         1                        44                         3                       -41
  0.4477030552149517E+000   0.1220213705640117E+002   0.0000000000000000E+000                         1                        42                         3                       -39
  0.2336258183132283E-001   0.1257096151742488E+002   0.0000000000000000E+000                         1                        41                         3                       -38
  0.1557411948233969E-006   0.1289214722627291E+002   0.0000000000000000E+000                         1                        36                         8                       -28
  0.5619427228440065E-003   0.1295539557938523E+002   0.0000000000000000E+000                         1                        41                         3                       -38
  0.4823355368339635E+000   0.1334774849539684E+002   0.0000000000000000E+000                         1                        40                         3                       -37
  0.2324918312953440E-002   0.1373204769512124E+002   0.0000000000000000E+000                         1                        39                         4                       -35
  0.1089091103064100E-003   0.1398051552345125E+002   0.0000000000000000E+000                         1                        38                         4                       -34
  0.2472584221164772E-003   0.1421330167322885E+002   0.0000000000000000E+000                         1                        37                         4                       -33
  0.2626132400157149E-003   0.1464756697648725E+002   0.0000000000000000E+000                         1                        36                         4                       -32
  0.1187376168609843E-006   0.1508799642664881E+002   0.0000000000000000E+000                         1                        34                         5                       -29
  0.1972550741633610E-005   0.1514299870216544E+002   0.0000000000000000E+000                         1                        34                         4                       -30
  0.9737923689810471E-005   0.1536796924587012E+002   0.0000000000000000E+000                         1                        33                         4                       -29
  0.2301124613369219E-002   0.1574301466554538E+002   0.0000000000000000E+000                         1                        32                         4                       -28
  0.2150861856294023E-001   0.1635970113211695E+002   0.0000000000000000E+000                         1                        32                         5                       -27
  0.3405123464094096E-002   0.1704125762806020E+002   0.0000000000000000E+000                         1                        31                         5                       -26
  0.8758433136326564E-007   0.1741888775326335E+002   0.0000000000000000E+000                         1                        20                        15                        -5
  0.1612542527713308E-002   0.1778737275682450E+002   0.0000000000000000E+000                         1                        29                         5                       -24
  0.1093952883887341E-002   0.1859930796447076E+002   0.0000000000000000E+000                         1                        29                         6                       -23
  0.2009345623695741E-004   0.1910388520131048E+002   0.0000000000000000E+000                         1                        28                         6                       -22
  0.9745598847947443E-004   0.1952719744430755E+002   0.0000000000000000E+000                         1                        27                         6                       -21
  0.6121999092797561E-007   0.1974695731939840E+002   0.0000000000000000E+000                         1                        24                         8                       -16
  0.2248324206817170E-001   0.2050787113315591E+002   0.0000000000000000E+000                         1                        25                         6                       -19
  0.5633319881583024E-001   0.2160062965797848E+002   0.0000000000000000E+000                         1                        25                         7                       -18
  0.5055348310530221E-007   0.2207653420876959E+002   0.0000000000000000E+000                         1                        18                        13                        -5
  0.7358479904793371E-002   0.2281140905800193E+002   0.0000000000000000E+000                         1                        23                         7                       -16
  0.3664364622893916E-004   0.2414323934642928E+002   0.0000000000000000E+000                         1                        23                         8                       -15
  0.3848413339383801E-007   0.2443251719454836E+002   0.0000000000000000E+000                         1                        22                         8                       -14
  0.1790711021481023E-005   0.2506698335480970E+002   0.0000000000000000E+000                         1                        21                         8                       -13
  0.1727908132835830E-004   0.2573206692560610E+002   0.0000000000000000E+000                         1                        21                         9                       -12
  0.3391718851784590E-007   0.2675793043090558E+002   0.0000000000000000E+000                         1                        20                         9                       -11
  0.1971880212700962E-004   0.2736157664583407E+002   0.0000000000000000E+000                         1                        19                         9                       -10
  0.5785107352117398E-007   0.2908151161678467E+002   0.0000000000000000E+000                         1                        19                        10                        -9
  0.8562486152047644E-007   0.2915614789326656E+002   0.0000000000000000E+000                         1                        18                        10                        -8
  0.2150909733752458E-005   0.3062499164189437E+002   0.0000000000000000E+000                         1                        18                        11                        -7
  0.5281418475580359E-007   0.3148279950193917E+002   0.0000000000000000E+000                         1                        17                        11                        -6
  0.4636756230248150E-006   0.3180327607698067E+002   0.0000000000000000E+000                         1                        16                        11                        -5
  0.3568359188043802E-005   0.3349584511066156E+002   0.0000000000000000E+000                         1                        16                        12                        -4
  0.7384477239716189E-007   0.3396530083833385E+002   0.0000000000000000E+000                         1                        15                        12                        -3
  0.2955467735544067E-004   0.3572651491000325E+002   0.0000000000000000E+000                         1                        15                        13                        -2
  0.1375910040003848E-006   0.3644758242102287E+002   0.0000000000000000E+000                         1                        14                        13                        -1
  0.3033752090835471E-004   0.3866281335944123E+002   0.0000000000000000E+000                         1                        14                        14                         1
  0.3236330112461853E-006   0.3897656913638560E+002   0.0000000000000000E+000                         1                        13                        14                         2
  0.1534592284596256E-005   0.4149801601892569E+002   0.0000000000000000E+000                         1                        13                        15                         3
  0.2236969173514830E-002   0.4237012604940065E+002   0.0000000000000000E+000                         1                        12                        15                         4
  0.3443510660774411E-004   0.4403226141840707E+002   0.0000000000000000E+000                         1                        12                        16                         5
  0.7868227422670954E-006   0.4652806928364443E+002   0.0000000000000000E+000                         1                        12                        17                         6
  0.1333623042721926E-004   0.4685048702773770E+002   0.0000000000000000E+000                         1                        11                        17                         7
  0.2523897239952389E-006   0.4901274500152252E+002   0.0000000000000000E+000                         1                        11                        18                         8
  0.1902044054238547E-005   0.4964546730683355E+002   0.0000000000000000E+000                         1                        10                        18                         9
  0.1215194395082364E-006   0.5160569254043750E+002   0.0000000000000000E+000                         1                        10                        19                        10
  0.1909765950644883E-004   0.5325499025792542E+002   0.0000000000000000E+000                         1                         9                        19                        11
  0.8136714513831898E-007   0.5415576384999092E+002   0.0000000000000000E+000                         1                         9                        20                        12
  0.6284829144945302E-007   0.5672606860620399E+002   0.0000000000000000E+000                         1                         9                        21                        13
  0.5118226021555709E-007   0.5931967632397848E+002   0.0000000000000000E+000                         1                         9                        22                        14
  0.5036952109515330E-004   0.6066359794890950E+002   0.0000000000000000E+000                         1                         8                        22                        15
  0.4379935399990425E-007   0.6191030256150456E+002   0.0000000000000000E+000                         1                         8                        23                        16
  0.3883885927953460E-007   0.6449332144165136E+002   0.0000000000000000E+000                         1                         8                        24                        17
  0.3717284585155291E-007   0.6706126020270818E+002   0.0000000000000000E+000                         1                         8                        25                        18
  0.3833323269288743E-007   0.6962843214611993E+002   0.0000000000000000E+000                         1                         8                        26                        19
  0.2634598144736929E-004   0.7067916650962333E+002   0.0000000000000000E+000                         1                         7                        26                        20
  0.4332076794513472E-007   0.7220115387611067E+002   0.0000000000000000E+000                         1                         7                        27                        21
  0.5223544571870653E-007   0.7478905406798611E+002   0.0000000000000000E+000                         1                         7                        28                        22
  0.6746569247148433E-007   0.7738482606557521E+002   0.0000000000000000E+000                         1                         7                        29                        23
  0.9314016726083919E-007   0.7998733848998243E+002   0.0000000000000000E+000                         1                         7                        30                        24
  0.1446358437501442E-006   0.8258106736285491E+002   0.0000000000000000E+000                         1                         7                        31                        25
  0.1436241277663573E-004   0.8452772858540746E+002   0.0000000000000000E+000                         1                         6                        31                        26
  0.2778481300793295E-006   0.8518250877842115E+002   0.0000000000000000E+000                         1                         6                        32                        27
  0.7994015606119904E-006   0.8775542501425905E+002   0.0000000000000000E+000                         1                         6                        33                        28
  0.1215206435088911E-004   0.9033556152162539E+002   0.0000000000000000E+000                         1                         6                        34                        29
  0.3382991299263800E-005   0.9291786153078631E+002   0.0000000000000000E+000                         1                         6                        35                        30
  0.5548443946155339E-006   0.9550434191212224E+002   0.0000000000000000E+000                         1                         6                        36                        31
  0.2312129185392192E-006   0.9807728994001005E+002   0.0000000000000000E+000                         1                         6                        37                        32
  0.1495302173751356E-006   0.1005486696613345E+003   0.0000000000000000E+000                         1                         6                        38                        33
  0.3794445680278447E-006   0.1018239370505227E+003   0.0000000000000000E+000                         1                         5                        38                        34
  0.8780779037203743E-007   0.1034683591678971E+003   0.0000000000000000E+000                         1                         5                        39                        35
  0.6263320642393365E-007   0.1059605303589426E+003   0.0000000000000000E+000                         1                         5                        40                        36
  0.5669536086393072E-007   0.1084120416385987E+003   0.0000000000000000E+000                         1                         5                        41                        37
  0.1552738574965070E-006   0.1098182968673581E+003   0.0000000000000000E+000                         1                         4                        41                        38
  0.4701957383655179E-007   0.1113695901431913E+003   0.0000000000000000E+000                         1                         4                        42                        39
  0.4050797126370443E-007   0.1138628368952416E+003   0.0000000000000000E+000                         1                         4                        43                        40
  0.3916394625979293E-007   0.1164404650944196E+003   0.0000000000000000E+000                         1                         4                        44                        41
  0.4002379379820629E-007   0.1190337177587095E+003   0.0000000000000000E+000                         1                         4                        45                        42
  0.4286207000780156E-007   0.1216338947607747E+003   0.0000000000000000E+000                         1                         4                        46                        43
  0.4848845636760574E-007   0.1242341991601019E+003   0.0000000000000000E+000                         1                         4                        47                        44
